this is inputStrBin:11111111111111111111111111111111111111
11111111111111111111111111111111111111
11111111111111111111111111111111111111
00000000000000000000000000000000000000
110100101010101001010101010101010100001
1111111111111111111111111111111111111111
111111111111111111111111111111111111111
111111111111111111111111111111111111111
632
0.0015822784810126582
['1', 0.0015822784810126582, 0.0015822784810126582]
[]
11111111111111111111111111111111111111
11111111111111111111111111111111111111
11111111111111111111111111111111111111
00000000000000000000000000000000000000
110100101010101001010101010101010100001
1111111111111111111111111111111111111111
111111111111111111111111111111111111111
111111111111111111111111111111111111111
